10
-1	1797	2326	4022	1051	2699	936	1428	2147	2712
1797	-1	3954	5650	1008	4327	1637	1425	3775	4340
2326	3954	-1	1905	3202	1217	3115	3573	227	589
4022	5650	1905	-1	4898	1897	4811	5269	1964	1333
1051	1008	3202	4898	-1	3575	891	417	3023	3588
2699	4327	1217	1897	3575	-1	3488	3946	1176	866
936	1637	3115	4811	891	3488	-1	1270	2936	3501
1428	1425	3573	5269	417	3946	1270	-1	3394	3959
2147	3775	227	1964	3023	1176	2936	3394	-1	654
2712	4340	589	1333	3588	866	3501	3959	654	-1