6
-1	1797	2326	4022	1051	2699
1797	-1	3954	5650	1008	4327
2326	3954	-1	1905	3202	1217
4022	5650	1905	-1	4898	1897
1051	1008	3202	4898	-1	3575
2699	4327	1217	1897	3575	-1