8
-1	1797	2326	4022	1051	2699	936	1428
1797	-1	3954	5650	1008	4327	1637	1425
2326	3954	-1	1905	3202	1217	3115	3573
4022	5650	1905	-1	4898	1897	4811	5269
1051	1008	3202	4898	-1	3575	891	417
2699	4327	1217	1897	3575	-1	3488	3946
936	1637	3115	4811	891	3488	-1	1270
1428	1425	3573	5269	417	3946	1270	-1